<svg width="300" height="72" xmlns="http://www.w3.org/2000/svg" preserveAspectRatio="xMidYMid meet" version="1.0">
 <metadata>Created by potrace 1.10, written by Peter Selinger 2001-2011</metadata>

 <g>
  <title>Layer 1</title>
  <g id="svg_1" fill="#000000" transform="translate(0.000000,72.000000) scale(0.050000,-0.050000)">
   <path id="svg_2" d="m350,1423c-58,-6 -123,-43 -76,-43c13,0 -14,-36 -60,-81l-82,-81l2,-179c2,-98 -5,-183 -14,-189c-9,-5 -16,71 -15,170c1,99 -5,186 -12,193c-7,8 -14,-85 -14,-205c-4,-468 0,-734 10,-744c10,-10 21,322 12,366c-3,11 3,12 12,3c10,-9 18,-76 20,-150c5,-259 7,-290 20,-277c7,7 30,-9 51,-36c59,-76 164,-96 253,-49c40,21 65,39 55,39c-9,0 -6,13 8,30c13,16 32,25 41,20c8,-6 22,18 30,52c10,47 18,56 31,36c13,-21 17,-18 18,15c0,47 90,119 110,87c7,-12 31,-7 59,11c55,36 80,13 61,-56c-9,-31 -7,-37 6,-18c13,19 22,2 32,-56c7,-46 21,-78 31,-72c10,7 30,-4 45,-24c76,-103 215,-116 298,-27c22,23 48,42 59,42c10,0 18,7 17,15c-7,39 6,45 47,22c41,-21 43,-21 17,10c-24,30 -23,32 5,21c18,-7 33,-22 33,-33c0,-12 5,-16 12,-10c7,7 32,-7 55,-31c62,-63 167,-114 235,-114c33,0 58,-11 58,-25c1,-19 5,-18 18,2c9,15 39,24 66,20c51,-7 206,53 252,98c15,14 35,25 45,25c11,0 19,8 19,18c0,27 113,142 139,142c13,0 18,9 11,20c-7,11 8,21 34,21c25,1 98,3 161,5c63,2 115,-5 115,-15c0,-10 11,-8 24,5c59,59 176,4 176,-84c0,-29 13,-58 28,-64c15,-6 33,-29 39,-51c6,-23 19,-36 30,-29c11,7 23,5 26,-3c4,-8 38,-36 75,-63c37,-26 61,-37 54,-25c-12,20 33,29 100,22c6,-1 26,15 45,36c18,20 56,53 83,72c28,18 50,45 50,58c0,13 17,28 37,32c25,4 33,-1 23,-17c-11,-18 -5,-19 26,-2c31,16 43,15 51,-3c7,-19 15,-18 30,4c11,16 16,36 11,45c-6,9 -5,16 1,16c7,0 21,-22 31,-50c10,-27 33,-50 50,-50c16,0 30,-13 30,-28c0,-15 33,-48 73,-71c78,-46 207,-70 207,-38c0,11 8,14 19,8c10,-6 30,5 45,26c40,57 106,70 147,29c20,-20 44,-37 53,-38c9,-2 26,-4 37,-5c12,-2 17,-10 11,-20c-12,-20 -1,-21 188,-20c83,0 194,0 248,-1c57,-1 118,11 145,28c58,38 103,38 195,0c82,-35 166,-7 239,77c20,24 31,32 24,18c-8,-14 -5,-25 6,-25c11,0 24,11 30,25c8,20 10,20 11,0c1,-14 17,-25 35,-25c18,0 47,-17 65,-37c32,-37 212,-76 191,-41c-6,10 -3,18 7,18c10,0 40,19 66,42c26,23 61,49 78,58c41,23 54,434 18,561c-14,49 -26,94 -27,99c-2,11 -122,128 -190,185c-23,19 -50,35 -61,35c-11,0 -20,7 -20,17c0,24 -204,13 -254,-14c-55,-29 -110,-32 -66,-3c22,14 4,19 -65,20c-71,0 -95,-8 -95,-30c0,-17 -7,-28 -15,-26c-8,2 -33,-2 -55,-9c-22,-8 -89,-1 -150,15c-60,16 -85,26 -55,22c31,-4 62,3 69,14c8,14 -32,16 -120,8c-73,-7 -137,-5 -143,4c-15,25 -242,9 -236,-16c2,-11 -10,-15 -27,-8c-18,6 -38,2 -46,-11c-37,-59 -107,-35 -110,38c-2,42 -22,91 -47,119c-24,25 -39,54 -33,63c5,9 -4,11 -22,4c-20,-7 -29,-2 -26,14c4,19 -25,27 -109,28c-63,0 -115,8 -115,16c0,8 41,15 90,15c50,0 90,7 90,15c0,8 -44,15 -98,16c-55,0 -94,-7 -89,-16c5,-9 -18,-27 -52,-42c-34,-14 -56,-32 -48,-39c8,-8 -3,-14 -23,-14c-20,0 -32,-5 -26,-11c6,-6 -17,-42 -51,-81c-34,-39 -65,-61 -69,-49c-4,12 -15,21 -25,21c-10,0 -12,-16 -5,-35c7,-19 -13,-4 -45,34c-33,38 -57,76 -54,85c3,9 -6,14 -20,11c-14,-3 -23,7 -20,21c4,15 -3,21 -15,14c-11,-7 -48,13 -80,44c-33,31 -80,57 -105,58c-25,1 -58,6 -75,10c-18,5 -32,-9 -36,-36c-4,-24 -24,-50 -45,-56c-22,-7 -53,-39 -70,-72c-17,-33 -38,-55 -47,-49c-23,14 -41,-86 -28,-152c22,-113 -12,-132 -238,-133c-113,0 -210,-2 -216,-4c-36,-13 -140,-10 -140,4c0,9 -13,16 -29,16c-16,0 -40,16 -55,36c-42,57 -155,129 -185,117c-16,-6 -32,0 -36,12c-5,14 -60,23 -141,24c-127,1 -165,-12 -109,-37c14,-6 0,-5 -30,1c-36,7 -55,3 -55,-13c0,-14 -13,-19 -31,-12c-20,7 -26,3 -17,-11c13,-21 -8,-20 -206,11c-49,8 -52,32 -4,34c26,0 37,6 23,11c-14,6 -54,1 -89,-11c-43,-15 -70,-16 -84,-2c-11,11 -50,20 -86,20c-50,0 -86,19 -148,80c-46,44 -76,80 -67,80c9,0 -1,13 -22,29c-27,21 -31,30 -11,30c16,1 23,7 16,14c-7,7 -27,1 -44,-13c-25,-21 -37,-20 -65,5c-71,61 -281,97 -455,78zm369,-223c393,-113 271,-638 -149,-640l-120,0l7,-160l6,-160l-101,0l-102,0l0,490l0,490l195,0c107,0 226,-9 264,-20zm2668,-210c75,-127 139,-230 142,-230c3,0 66,104 140,230l134,230l99,0l98,0l0,-490l0,-490l-102,0l-102,0l14,315c16,360 22,357 -145,76c-148,-250 -132,-251 -285,14l-130,225l-6,-315l-5,-315l-95,0l-94,0l0,490l0,490l100,0l100,-1l137,-229zm-1945,-55c-1,-8 -2,-55 -2,-105c0,-50 -7,-89 -15,-88c-145,23 -185,-40 -185,-292l0,-210l-90,0l-90,0l0,350l0,350l90,0c85,0 90,-3 91,-55c0,-49 3,-51 22,-18c33,57 183,114 179,68zm615,-41c210,-139 211,-469 2,-607c-194,-129 -440,-54 -541,163c-150,323 239,643 539,444zm2585,8c58,-43 58,-43 58,-3c0,35 13,41 90,41l90,0l0,-350l0,-350l-90,0c-78,0 -90,6 -90,41l0,42l-52,-41c-205,-161 -508,21 -508,306c0,286 293,468 502,314zm920,12c99,-67 114,-115 121,-409l7,-265l-95,0l-95,0l0,239c0,269 -14,301 -131,301c-127,0 -149,-46 -149,-310l0,-230l-90,0l-90,0l0,350l0,350l90,0c64,0 90,-8 90,-28c0,-22 16,-20 74,10c99,50 185,48 268,-8zm-5426,-163c2,-38 -6,-75 -17,-81c-11,-7 -19,22 -19,69c0,98 32,109 36,12zm2744,-86l0,-85l-266,0l-266,0l4,85c2,47 5,85 6,85c1,0 119,0 262,0l260,0l0,-85z"/>
   <path id="svg_3" d="m460,890l0,-150l106,0c132,0 194,48 194,149c0,96 -74,151 -203,151l-97,0l0,-150z"/>
   <path id="svg_4" d="m1730,732c-128,-128 -51,-332 126,-332c95,0 184,91 184,190c0,161 -200,252 -310,142z"/>
   <path id="svg_5" d="m4398,754c-146,-112 -69,-354 112,-354c102,0 190,88 190,190c0,143 -193,248 -302,164z"/>
  </g>
  <path d="m200.31717,1.39306c-0.24988,0 -0.24988,-0.24987 -1.24934,-0.24987c-0.49974,0 -1.24936,-0.24987 -1.99896,-0.24987c-0.49974,0 -1.11554,-0.88343 -1.99896,0c-0.17668,0.17668 -0.0766,0.86425 0.24988,0.99948c0.4617,0.19124 1.49922,0 1.99895,0c0.24988,0 0.49974,0 0.74962,0c0.24986,0 0.7496,0.99948 1.24934,0.49974c0.24986,-0.24986 -0.24986,-0.49974 -0.99948,-0.49974c-1.24934,0 -1.46886,0.1233 -2.24883,0.24987c-0.24664,0.04002 -0.7496,0 -0.7496,0.24987c0,0.24987 0.24986,0.49974 0.7496,0.49974c1.24934,0 1.74908,-0.24987 2.74857,-0.24987c0.74962,0 1.49922,0 1.49922,-0.24987c0,-0.24987 0.17668,-0.57292 0,-0.74961c-0.35336,-0.35337 -1.17274,0.11464 -1.49922,0.24987c-0.23085,0.09562 -1.49922,0.24987 -2.49869,0.24987c-1.24936,0 -1.99896,0 -2.74857,0c-0.99948,0 -1.7491,-0.24987 -2.4987,-0.24987c-0.24986,0 -0.49974,0 -0.7496,0c-0.24988,0 -0.49974,-0.24987 -0.74962,-0.24987c-0.24986,0 0.00668,0.05741 0.24988,0c0.54378,-0.12837 1.26871,-0.25959 2.74857,-0.49974c0.77995,-0.12657 1.49922,-0.24987 2.74857,-0.24987c1.49922,0 1.32594,0.36451 0.99948,0.49974c-0.23085,0.09563 -0.68893,-0.2466 -2.24883,-0.49974c-0.73994,-0.12008 -0.99948,0 -0.74962,0c0.24988,0 1.47618,-0.37386 2.4987,-0.49974c0.99199,-0.12212 0.7496,0 -0.49974,0c-1.99896,0 -2.09505,0.05292 -2.24883,0.24987c-0.63402,0.81204 -1.17616,0.57292 -0.99948,0.74961c3.00365,3.00364 4.49765,-0.24988 4.49765,-0.49974c0,-0.24986 -0.82278,-0.17669 -0.99948,0c-0.17668,0.17668 -0.09563,0.51876 0,0.74961c0.13524,0.32647 0.24988,0.49974 0,0.49974c-0.24986,0 -0.7496,0 -0.99948,0c-0.24986,0 -0.5094,0.12008 -1.24934,0c-0.77995,-0.12657 -0.92288,-0.36451 -1.24934,-0.49974c-0.23085,-0.09563 -1.32253,-0.42656 -1.49922,-0.24987c-0.17668,0.17668 0.07318,0.32305 0.24988,0.49974c0.17668,0.17668 0.49974,0.24987 0.99947,0.24987c0.99948,0 1.98042,0.37419 3.24831,0.49974c0.24866,0.02462 0.24988,-0.24987 0,-0.24987c-0.49974,0 -0.82278,0.17668 -0.99947,0c-0.17668,-0.17668 -0.49974,-0.24987 -1.24936,-0.24987c-0.24986,0 -0.92288,-0.11464 -1.24934,-0.24987c-0.23083,-0.09562 -0.24988,-0.24987 -0.49974,-0.24987c-0.24986,0 0.18555,0.33804 0.49974,0.49974c1.35144,0.69549 2.57188,0.32306 2.74857,0.49974c0.17668,0.17668 0.17668,0.42655 0,0.24987c-0.17668,-0.17668 -0.24986,-0.49974 -0.49974,-0.49974c-0.24986,0 -0.32306,-0.07319 -0.49974,-0.24987c-0.17668,-0.17668 -0.57292,0.17668 -0.7496,0c-0.17668,-0.17668 -0.0732,-0.32305 -0.24988,-0.49974c-0.53004,-0.53005 -0.67642,0.07319 -0.49974,0.24987c0.17668,0.17668 0.15425,0.26889 0.24988,0.49974c0.13522,0.32647 0.57292,0.07319 0.7496,0.24987c0.17668,0.17668 0.24988,0.24987 0,0.24987c-0.24986,0 -0.17326,-0.36451 -0.49974,-0.49974c-0.23085,-0.09562 -0.24986,-0.24987 -0.49974,-0.24987c-0.24986,0 -0.24986,-0.24987 -0.49973,-0.24987c-0.24988,0 -0.49974,-0.24987 -0.49974,0c0,0.24987 0.07318,0.32306 0.24986,0.49974c0.17668,0.17668 0.32306,0.07319 0.49974,0.24987c0.17668,0.17668 0.24986,0.24987 0.49974,0.24987c0.24986,0 0.82278,0.17669 0.99948,0c0.17668,-0.17668 -0.07318,-0.32305 -0.24988,-0.49974c-0.17668,-0.17668 -0.29312,-0.21307 -0.49974,-0.49974c-0.32669,-0.45326 -0.42314,-0.3851 -0.7496,-0.24987c-0.23083,0.09562 -0.32306,0.07319 -0.49974,0.24987c-0.17668,0.17668 -0.32306,0.07319 -0.49974,0.24987c-0.17668,0.17668 -0.32304,0.07318 -0.49974,0.24987c-0.17668,0.17668 -0.42654,0.32305 -0.24986,0.49974c0.17668,0.17668 0.49974,0 0.7496,0c0.24988,0 0.24988,0.24987 0.49974,0.24987c0.24988,0 0.49974,0 0.7496,0c0.24988,0 0.50642,0.05741 0.74962,0c0.54378,-0.12837 0.95544,-0.37137 1.49922,-0.49974c0.48636,-0.11481 1.24934,-0.24986 1.24934,-0.49974c0,-0.24988 -0.32306,0.07319 -0.49974,0.24987c-0.1767,0.17669 -0.41167,0.74274 -1.49922,0.99948c-0.24318,0.05741 -0.51875,0.09562 -0.7496,0c-0.32648,-0.13523 -0.25656,-0.44233 -0.49974,-0.49974c-0.54378,-0.12837 -0.79608,-0.17305 -1.24934,-0.49974c-0.28667,-0.20662 -0.49974,-0.24987 -0.74962,-0.24987c-0.24986,0 -0.17668,0.07319 0,0.24987c0.1767,0.17669 0.32306,0.07319 0.49974,0.24987c0.17668,0.17668 0.17328,0.36451 0.49974,0.49974c0.23085,0.09563 0.24988,0.24987 0,0.24987c-0.24986,0 -0.32304,-0.07318 -0.49974,-0.24987c-0.17668,-0.17668 -0.26889,-0.15424 -0.49974,-0.24987c-0.32646,-0.13523 -0.17668,-0.17668 0,0c0.17668,0.17668 0.0732,0.32305 0.24988,0.49974c0.17668,0.17668 0.49974,0.49975 0.49974,0.24987c0,-0.24988 -0.42314,-0.36451 -0.74962,-0.49974c-0.23085,-0.09562 -0.49974,0 -0.99948,0c-0.24986,0 -0.24986,-0.24987 -0.7496,-0.24987l-0.24986,0" id="svg_6" stroke="#ffffff" fill="none"/>
  <polyline stroke-linecap="round" id="svg_7" points="208.56286446750164,-14.598593607544899 208.81273406744003,-14.598593607544899 " stroke="#ffffff" fill="none"/>
  <path d="m192.07147,0.64345c0.7496,0.24987 6.7468,-4.26647 6.49661,0.74961c-0.02489,0.49912 -1.01259,-0.21371 -2.74857,0c-1.02252,0.12588 -2.23552,0.37449 -3.99792,0.49974c-0.24924,0.01771 -1.37772,0.29391 -1.24934,-0.24987c0.11482,-0.48637 0.99948,0 3.74805,0c2.24883,0 3.49817,0 3.74805,0l4.49765,-0.49974l2.4987,0l0.7496,-0.24987" id="svg_8" stroke="#ffffff" fill="none"/>
  <path d="m243.04488,16.63511c-0.24988,-0.24987 -0.46295,-0.54299 -0.74962,-0.74961c-0.45326,-0.32669 -0.79608,-0.67279 -1.24934,-0.99948c-0.28667,-0.20662 -0.90385,-0.48073 -0.99948,-0.24987c-0.13522,0.32648 0.61438,0.17327 0.7496,0.49974c0.09561,0.23085 0.543,0.71281 0.74962,0.99948c0.32669,0.45326 0.32306,0.82279 0.49974,0.99948c0.17668,0.17668 -0.07318,-0.07318 -0.24988,-0.24987c-0.17668,-0.17668 -0.29634,-0.17305 -0.7496,-0.49974c-0.28668,-0.20662 -1.25256,-0.45971 -1.49922,-0.49974c-0.77995,-0.12657 -0.82278,-0.32305 -0.99948,-0.49974c-0.17668,-0.17668 -0.17668,0.07318 0,0.24987c0.1767,0.17669 0.51877,0.40411 0.74962,0.49974c0.65294,0.27046 0.57292,0.82279 0.7496,0.99948c0.1767,0.17669 0.73058,0.34549 0.49974,0.24987c-0.32646,-0.13523 -0.46939,-0.62304 -1.24934,-0.74961c-0.24666,-0.04003 -0.54622,0.07682 -0.99948,-0.24987c-0.28668,-0.20662 -0.75629,-0.44233 -0.99948,-0.49974c-0.54378,-0.12837 -0.7496,-0.24987 -0.49974,-0.24987c0.24988,0 0.23579,0.29693 0.99948,0.49974c1.2314,0.32702 1.72604,0.62373 2.74857,0.74961c0.24799,0.03053 0.57292,0.07318 0.7496,0.24987c0.35336,0.35337 0.74962,0 0.49974,0c-0.24986,0 -0.99948,0 -1.74908,0c-0.49974,0 -0.76863,0.09563 -0.99948,0c-0.32646,-0.13523 -1.32253,-0.8228 -1.49921,-0.99948c-0.17668,-0.17668 -0.07318,-0.32305 -0.24988,-0.49974c-0.17668,-0.17668 -0.33636,-0.17628 -0.7496,-0.74961c-0.32669,-0.45326 -0.86426,-1.42262 -0.99948,-1.74909c-0.09563,-0.23085 0.24986,-0.24987 0.49974,-0.24987c0.24986,0 2.49869,0 3.24831,0c2.74857,0 3.22952,0.32101 4.99739,0.74961c1.23822,0.30019 3.74805,0.99948 3.74805,0.74961c0,-0.49974 0,-1.49922 0,-1.99896l-0.24988,-0.24987l0,-0.24987" id="svg_9" stroke="#ffffff" fill="none"/>
  <path d="m4.16953,58.11346c0,-0.24987 0,-1.49922 0,-1.99896c0,-0.24987 0.54954,-2.03265 0,-6.49661c-0.25176,-2.04504 -0.87393,-2.73002 -0.99948,-3.99791c-0.02462,-0.24865 0,0 0,1.49922c0,2.99844 0.87393,5.72846 0.99948,6.99635c0.07386,0.74596 0.24987,1.99895 0.49974,2.99844c0.24987,0.99948 0.77992,1.71877 0.24987,2.24883c-0.17668,0.17669 -0.62304,-0.21952 -0.74961,-0.99948c-0.4803,-2.95972 0.49974,-4.74752 0.24987,-4.74752c-0.24987,0 -0.51668,1.30951 0,3.49818c0.12837,0.54378 0.24987,0.99948 0.24987,0.74961c0,-2.24883 -0.14427,-5.00335 0,-6.74648c0.12536,-1.51472 0.24987,-2.24883 0.24987,-3.24831c0,-0.99948 0.11482,-2.2622 0,-2.74857c-0.12837,-0.54378 -0.49287,-1.16127 -0.74961,-2.24883c-0.28704,-1.21593 -0.05411,-2.53305 -0.49974,-4.49765c-0.17479,-0.77058 -0.15828,-1.25496 -0.24987,-1.99895c-0.12588,-1.02252 -0.24987,-1.24935 -0.24987,-0.99948c0,0.49974 0,3.74804 0,5.99687c0,3.99791 -0.09562,6.51563 0,6.74648c0.13523,0.32647 0.24987,0.49974 0.24987,0c0,-4.49765 -0.23085,-5.90125 0,-5.99687c0.32647,-0.13523 0.37456,0.48807 0.49974,2.4987c0.03105,0.49877 -1.01498,3.87341 0.49974,3.74804c0.49804,-0.04122 -0.1233,-0.96913 -0.24987,-1.74909c-0.36022,-2.21979 0,-3.74804 0,-3.99791c0,-0.99948 0.00972,-3.51753 0.24987,-4.99739c0.12657,-0.77996 0.24987,-0.99948 0.24987,-1.49922c0,-0.74961 0.49974,-2.74857 0,-2.74857c-0.49974,0 0,1.49922 0,3.99791c0,1.99896 0,3.74804 0,4.49765c0,0.74961 -0.06255,0.6651 -0.24987,0.49974c-1.51024,-1.33321 -0.37465,-3.23896 -0.49974,-5.747c-0.04979,-0.99824 0,-2.99844 0,-3.24831c0,-1.24935 0,-2.99844 0,-4.49765c0,-1.24935 0,-1.99896 0,-2.99844c0,-1.74909 0,-3.2483 0,-5.24726c0,-1.49922 -0.12432,-3.22976 -0.24987,-4.49765c-0.09849,-0.99461 0.28686,-1.80615 0,-2.4987c-0.13523,-0.32647 -0.24987,-0.49974 -0.24987,-0.74961l0,-0.24987l-0.24987,-0.24987" id="svg_10" stroke="#ffffff" fill="none"/>
  <polyline stroke-linecap="round" id="svg_11" points="101.1189346164465,5.890713587403297 101.61867381632328,5.890713587403297 101.86854341626167,5.890713587403297 " stroke="#ffffff" fill="none"/>
  <polyline stroke-linecap="round" id="svg_12" points="115.11163221299648,7.8896703869104385 115.11163221299648,8.139539986848831 " stroke="#ffffff" fill="none"/>
  <path d="m5.16901,43.87089c0,-0.24987 -0.24987,-0.49974 -0.24987,-0.99948c0,-0.24987 -0.24987,-0.99948 -0.24987,-1.24935l0,-0.24987" id="svg_13" stroke="#ffffff" fill="none"/>
  <path d="m4.16953,33.37637c0,-0.24987 0.37386,-0.22683 0.49974,-1.24935c0.06106,-0.49599 0,-0.99948 0,-1.49922c0,-0.49974 0,-1.24935 0,-1.49922c0,-0.24987 -0.24987,-0.24987 -0.24987,-0.49974l0,-0.24987l0,-0.99948" id="svg_14" stroke="#ffffff" fill="none"/>
  <path d="m3.66979,22.38211c0,-0.49974 -0.24987,-0.99948 -0.24987,-2.4987l0.24987,-0.49974" id="svg_15" stroke="#ffffff" fill="none"/>
  <path d="m4.4194,9.13902c0.31324,0 0.62649,0 0.62649,0.24987c0,0.74961 0,0.99948 0,1.24935c0,0.24987 0,0.99948 0,2.24883c0,1.49922 0,2.24883 0,2.99844c0,0.99948 0.09175,1.42603 0.31324,1.24935c0.66449,-0.53005 0,-1.74909 0,-2.99844l0,-1.24935l0,-0.24987" id="svg_16" stroke="#ffffff" fill="none"/>
  <path d="m4.66927,28.87872c0.24987,-0.24987 0.1298,-0.50942 0.24987,-1.24935c0.12657,-0.77995 0.24987,-1.49922 0.24987,-1.99896c0,-0.24987 0,-0.49974 0,-0.74961c0,-0.24987 0,-0.49974 0,-0.74961c0,-0.49974 0,-0.99948 0,-1.24935c0,-0.24987 -0.24987,-0.49974 -0.24987,-0.99948c0,-0.24987 -0.24987,-0.24987 -0.24987,-0.49974c0,-0.49974 -0.24987,-0.49974 -0.24987,-0.74961c0,-0.74961 -0.24987,-0.99948 -0.24987,-1.49922c0,-0.24987 -0.1233,-0.46939 -0.24987,-1.24935c-0.04002,-0.24664 0,-1.24935 0,-1.74909c0,-0.24987 0,-0.49974 0,-0.74961c0,-0.49974 0,-0.99948 0,-1.24935c0,-0.24987 0,-0.74961 0,-0.99948c0,-0.24987 0,-0.49974 0,-1.74909c0,-0.24987 0.07318,-0.17669 0.24987,0c0.17668,0.17668 0.24987,0.49974 0.24987,0.74961c0,0.24987 0,0.49974 0,1.24935c0,1.24935 0,1.49922 0,2.4987c0,0.49974 -0.1233,1.46887 -0.24987,2.24883c-0.04002,0.24664 0,0.49974 0,0.74961c0,0.74961 0,1.49922 0,1.99896c0,0.24987 0,0 0,-0.24987c0,-1.24935 0,-1.74909 0,-2.74857c0,-0.24987 -0.17669,-0.57292 0,-0.74961c0.17668,-0.17668 0.57292,0.07319 0.74961,0.24987c0.17668,0.17668 0,0.49974 0,0.74961c0,0.24987 0,0.49974 0,0.74961c0,0.49974 -0.24987,1.49922 -0.24987,1.99896c0,0.74961 0,0.99948 0,0.49974c0,-0.24987 0.24987,-0.99948 0,-0.99948c-0.49974,0 -0.12451,0.73411 -0.24987,2.24883c-0.04122,0.49804 0.15265,1.75845 0,2.99843c-0.12588,1.02252 -0.24987,1.49922 -0.24987,1.99896c0,1.49922 -0.07318,2.17564 -0.24987,1.99896c-0.17669,-0.17669 0.13767,-3.25336 0.24987,-4.49765c0.25088,-2.78234 0.87423,-3.23499 0.99948,-4.99739c0.01771,-0.24924 0,-0.49974 0,-0.74961c0,-0.24987 0,0.24987 0,0.49974c0,1.24935 -0.07318,1.6759 -0.24987,1.49922c-0.17668,-0.17669 -0.61854,-0.96498 -0.99948,-2.4987c-0.36637,-1.47508 -0.26889,-1.65347 -0.49974,-1.74909c-0.32647,-0.13523 -0.32306,-0.32306 -0.49974,-0.49974c-0.17668,-0.17669 -0.24987,0.24987 -0.24987,0.49974c0,0.99948 -0.07682,1.29582 0.24987,1.74909c0.20662,0.28667 0.25959,1.01884 0.49974,2.4987c0.25314,1.55991 0.32306,2.82175 0.49974,2.99843c0.17668,0.17669 0.32305,0.07319 0.49974,0.24987c0.17668,0.17669 0.24987,0.24987 0.24987,0.49974c0,0.24987 0,0.49974 0,1.49922c0,0.24987 -0.17668,0.57292 0,0.74961c0.17668,0.17668 0.57292,-0.17668 0.74961,0c0.17668,0.17668 0.24987,0.24987 0.24987,0.49974c0,0.24987 -0.24987,0.24987 -0.49974,0.24987c-0.24987,0 -0.24987,0.24987 -0.24987,0.49974c0,0.24987 0,0.49974 0,0.74961c0,0.24987 0,0.49974 0,0.99948c0,0.24987 0,0.49974 0,0.74961c0,0.24987 0,0.74961 0,0.99948c0,0.24987 0,0 0,-0.24987c0,-0.49974 -0.24987,-0.99948 -0.24987,-0.74961c0,0.24987 0.24987,0.24987 0.24987,0.74961c0,0.24987 0,0.49974 0,0.74961c0,0.24987 -0.24987,0.74961 0,0.74961c0.24987,0 0,-0.49974 0,-0.74961c0,-0.24987 0,-0.49974 0,-0.74961c0,-0.24987 0,-0.49974 0,-0.74961c0,-0.24987 0.23085,-0.65399 0,-0.74961c-0.32647,-0.13523 -0.24987,0.49974 -0.24987,1.49922c0,0.49974 0.03817,0.75994 -0.24987,1.74909c-0.22092,0.75864 -0.24987,1.49922 -0.24987,1.74909c0,0.24987 0,0.49974 0,0.74961c0,0.24987 0.36451,0.17327 0.49974,0.49974c0.09562,0.23085 0.24987,0.49974 0.24987,0.74961c0,0.24987 0.57634,0.63497 0.24987,0.49974c-0.23085,-0.09562 -0.24987,0.24987 -0.24987,0.49974c0,0.24987 0,0.49974 0,0.74961c0,0.74961 0,0.99948 0,1.99895c0,0.49974 0,0.74961 0,0.99948c0,0.24987 -0.05741,1.00616 0,1.24935c0.12837,0.54378 0.49974,0.99948 0.49974,1.24935c0,0.49974 0.09562,0.23085 0,0c-0.13523,-0.32647 -0.43042,-0.2547 -0.49974,-0.74961c-0.25231,-1.80149 -0.49974,-2.24883 -0.49974,-1.99895c0,0.24987 -0.05046,0.02219 -0.24987,-0.49974c-1.0168,-2.66132 -0.8736,-3.725 -0.99948,-4.74752c-0.09159,-0.744 -0.24987,-4.24778 -0.24987,-4.49765c0,-0.24987 -0.35337,-0.64611 0,-0.99948c0.17668,-0.17669 0.10505,-0.27131 0.24987,-0.74961c0.26107,-0.86226 0.32306,-1.32253 0.49974,-1.49922c0.17668,-0.17669 0.74961,-0.49974 0.99948,-0.49974c0.24987,0 0.49974,0 0.74961,0c0.24987,0 0.49974,0 0.49974,0.24987c0,0.24987 -0.07318,0.32305 -0.24987,0.49974c-0.17668,0.17669 0,0.74961 0,0.99948c0,0.24987 0,0.49974 0,0.74961c0,0.24987 0,0.49974 0,0.74961c0,0.24987 0,0.49974 0,0.74961c0,0.49974 0,0.74961 -0.24987,0.74961l-0.49974,-0.24987l-1.49922,-1.49922" id="svg_17" stroke="#ffffff" fill="none"/>
  <polyline stroke-linecap="round" id="svg_18" points="74.63275702297688,2.8922783881425858 74.63275702297688,3.1421479880809784 " stroke="#ffffff" fill="none"/>
  <path d="m5.66875,37.12441c0,0.24987 -0.07318,0.32306 -0.24987,0.49974c-0.17668,0.17669 0,0.49974 0,0.74961l-0.24987,0l0,0.24987" id="svg_19" stroke="#ffffff" fill="none"/>
  <polyline stroke-linecap="round" id="svg_20" points="113.61241461336613,4.641365587711334 113.61241461336613,4.891235187649727 113.61241461336613,5.1411047875881195 " stroke="#ffffff" fill="none"/>
  <polyline stroke-linecap="round" id="svg_21" points="239.50823867321012,93.7604192495346 239.17532563209534,93.7604192495346 " stroke="#ffffff" fill="none"/>
 </g>
</svg>